# r [Mpc], delta_dm ((rho-rho_mean / rho_mean) of sphere, Volume of sphere (Mpc**3)
0.50000000 -0.71431330 4.18879020
1.50000000 -0.46271596 33.51032164
2.50000000 -0.56037206 113.09733553
3.50000000 -0.64559035 268.08257311
4.50000000 -0.58987569 523.59877560
5.50000000 -0.19989046 904.77868423
6.50000000 -0.07131172 1436.75504024
7.50000000 -0.03990198 2144.66058485
8.50000000 -0.09380616 3053.62805929
9.50000000 -0.14858925 4188.79020479
10.50000000 -0.20395667 5575.27976257
11.50000000 -0.23176710 7238.22947387
12.50000000 -0.24647207 9202.77207992
13.50000000 -0.20613462 11494.04032193
14.50000000 -0.15379820 14137.16694115
15.50000000 -0.19525549 17157.28467881
16.50000000 -0.19881539 20579.52627612
17.50000000 -0.13649304 24429.02447431
18.50000000 -0.08536343 28730.91201463
19.50000000 -0.08806449 33510.32163829
20.50000000 -0.10784880 38792.38608653
21.50000000 -0.05933393 44602.23810057
22.50000000 0.16634123 50965.01042164
23.50000000 0.18802988 57905.83579097
24.50000000 0.15518320 65449.84694979
25.50000000 0.11302883 73622.17663933
26.50000000 0.08708423 82447.95760081
27.50000000 0.05044702 91952.32257547
28.50000000 0.03370953 102160.40430454
29.50000000 0.03989579 113097.33552923
30.50000000 0.04241419 124788.24899079
31.50000000 0.01736803 137258.27743044
32.50000000 -0.00515224 150532.55358941
33.50000000 -0.03283374 164636.21020892
34.50000000 -0.04695453 179594.38003022
35.50000000 -0.07084246 195432.19579451
36.50000000 -0.08337105 212174.79024305
37.50000000 -0.09278228 229847.29611704
38.50000000 -0.08537481 248474.84615772
39.50000000 -0.08938668 268082.57310633
40.50000000 -0.10469608 288695.60970408
41.50000000 -0.11572028 310339.08869221
42.50000000 -0.12382597 333038.14281195
43.50000000 -0.12594160 356817.90480452
44.50000000 -0.13737098 381703.50741116
45.50000000 -0.14206784 407720.08337309
46.50000000 -0.14668699 434892.76543154
47.50000000 -0.14934779 463246.68632774
48.50000000 -0.15194598 492806.97880291
49.50000000 -0.15840147 523598.77559830
50.50000000 -0.15082126 555647.20945512
51.50000000 -0.14894080 588977.41311460
52.50000000 -0.15644961 623614.51931798
53.50000000 -0.16462929 659583.66080648
54.50000000 -0.17251782 696909.97032134
55.50000000 -0.17600291 735618.58060377
56.50000000 -0.17540712 775734.62439501
57.50000000 -0.18010707 817283.23443628
58.50000000 -0.18449049 860289.54346882
59.50000000 -0.18355200 904778.68423386
60.50000000 -0.17895905 950775.78947262
61.50000000 -0.16837785 998305.99192633
62.50000000 -0.16029528 1047394.42433622
63.50000000 -0.15376173 1098066.21944352
64.50000000 -0.14711343 1150346.50998946
65.50000000 -0.13206848 1204260.42871527
66.50000000 -0.11967216 1259833.10836217
67.50000000 -0.11017076 1317089.68167139
68.50000000 -0.09619795 1376055.28138417
69.50000000 -0.07463366 1436755.04024173
70.50000000 -0.05839799 1499214.09098530
71.50000000 -0.04494831 1563457.56635611
72.50000000 -0.02436656 1629510.59909539
73.50000000 -0.00898251 1697398.32194436
74.50000000 0.00168128 1767145.86764426
75.50000000 0.01125440 1838778.36893631
76.50000000 0.01962876 1912320.95856175
77.50000000 0.03644949 1987798.76926179
78.50000000 0.05024602 2065236.93377768
79.50000000 0.05150752 2144660.58485063
80.50000000 0.05039692 2226094.85522188
81.50000000 0.04555545 2309564.87763266
82.50000000 0.04025153 2395095.78482420
83.50000000 0.03379150 2482712.70953771
84.50000000 0.02317748 2572440.78451444
85.50000000 0.01544157 2664305.14249561
86.50000000 0.00685133 2758330.91622245
87.50000000 0.00016921 2854543.23843619
88.50000000 -0.00640627 2952967.24187806
89.50000000 -0.01278190 3053628.05928928
90.50000000 -0.01728018 3156550.82341109
91.50000000 -0.02271699 3261760.66698470
92.50000000 -0.02809564 3369282.72275137
93.50000000 -0.03219579 3479142.12345230
94.50000000 -0.03478621 3591364.00182873
95.50000000 -0.03893050 3705973.49062189
96.50000000 -0.04112000 3822995.72257301
97.50000000 -0.04185592 3942455.83042331
98.50000000 -0.04274612 4064378.94691403
99.50000000 -0.04380252 4188790.20478639
100.50000000 -0.04206980 4315714.73678162
101.50000000 -0.04259775 4445177.67564096
102.50000000 -0.04329019 4577204.15410562
103.50000000 -0.04055908 4711819.30491684
104.50000000 -0.04064961 4849048.26081584
105.50000000 -0.04327685 4988916.15454387
106.50000000 -0.04563217 5131448.11884213
107.50000000 -0.04482679 5276669.28645187
108.50000000 -0.04153538 5424604.79011431
109.50000000 -0.03584357 5575279.76257069
110.50000000 -0.03545402 5728719.33656222
111.50000000 -0.03614012 5884948.64483013
112.50000000 -0.03806872 6043992.82011567
113.50000000 -0.03868750 6205876.99516005
114.50000000 -0.03868622 6370626.30270450
115.50000000 -0.03836207 6538265.87549026
116.50000000 -0.03839527 6708820.84625855
117.50000000 -0.03923048 6882316.34775059
118.50000000 -0.03964148 7058777.51270763
119.50000000 -0.03981630 7238229.47387088
120.50000000 -0.03876985 7420697.36398158
121.50000000 -0.03910851 7606206.31578096
122.50000000 -0.03910599 7794781.46201024
123.50000000 -0.04026815 7986447.93541065
124.50000000 -0.04179530 8181230.86872342
125.50000000 -0.04060186 8379155.39468978
126.50000000 -0.03973194 8580246.64605096
127.50000000 -0.03857840 8784529.75554819
128.50000000 -0.03609983 8992029.85592269
129.50000000 -0.03405221 9202772.07991570
130.50000000 -0.03034271 9416781.56026844
131.50000000 -0.02600473 9634083.42972215
132.50000000 -0.02196163 9854702.82101804
133.50000000 -0.02014560 10078664.86689735
134.50000000 -0.01898087 10305994.70010132
135.50000000 -0.01849859 10536717.45337115
136.50000000 -0.01804843 10770858.25944810
137.50000000 -0.01645470 11008442.25107338
138.50000000 -0.01350114 11249494.56098822
139.50000000 -0.01326577 11494040.32193386
140.50000000 -0.01328943 11742104.66665151
141.50000000 -0.01312486 11993712.72788242
142.50000000 -0.01360654 12248889.63836780
143.50000000 -0.01531613 12507660.53084888
144.50000000 -0.01612078 12770050.53806691
145.50000000 -0.01710395 13036084.79276310
146.50000000 -0.01828097 13305788.42767868
147.50000000 -0.01961737 13579186.57555488
148.50000000 -0.02050532 13856304.36913294
149.50000000 -0.02169384 14137166.94115407
150.50000000 -0.02246719 14421799.42435951
151.50000000 -0.02224625 14710226.95149048
152.50000000 -0.02214717 15002474.65528823
153.50000000 -0.02088499 15298567.66849396
154.50000000 -0.01982494 15598531.12384892
155.50000000 -0.01931448 15902390.15409433
156.50000000 -0.01934138 16210169.89197142
157.50000000 -0.01881728 16521895.47022142
158.50000000 -0.01904118 16837592.02158555
159.50000000 -0.01948742 17157284.67880506
160.50000000 -0.01955672 17480998.57462115
161.50000000 -0.02010224 17808758.84177507
162.50000000 -0.02101397 18140590.61300804
163.50000000 -0.02150172 18476519.02106130
164.50000000 -0.02171788 18816569.19867606
165.50000000 -0.02228111 19160766.27859357
166.50000000 -0.02174615 19509135.39355504
167.50000000 -0.02143344 19861701.67630170
168.50000000 -0.02105655 20218490.25957479
169.50000000 -0.01968450 20579526.27611554
170.50000000 -0.01869962 20944834.85866516
171.50000000 -0.01907265 21314441.13996490
172.50000000 -0.01943846 21688370.25275598
173.50000000 -0.02033556 22066647.32977962
174.50000000 -0.02124282 22449297.50377706
175.50000000 -0.02233446 22836345.90748953
176.50000000 -0.02307482 23227817.67365825
177.50000000 -0.02377979 23623737.93502446
178.50000000 -0.02466210 24024131.82432937
179.50000000 -0.02508788 24429024.47431423
180.50000000 -0.02525871 24838441.01772026
181.50000000 -0.02688921 25252406.58728868
182.50000000 -0.02906667 25670946.31576073
183.50000000 -0.03157406 26094085.33587764
184.50000000 -0.03376602 26521848.78038063
185.50000000 -0.03580062 26954261.78201094
186.50000000 -0.03776241 27391349.47350978
187.50000000 -0.03954869 27833136.98761839
188.50000000 -0.04169109 28279649.45707801
189.50000000 -0.04352071 28730912.01462985
190.50000000 -0.04484268 29186949.79301515
191.50000000 -0.04555527 29647787.92497513
192.50000000 -0.04712647 30113451.54325103
193.50000000 -0.04842818 30583965.78058407
194.50000000 -0.04960713 31059355.76971549
195.50000000 -0.05062087 31539646.64338650
196.50000000 -0.05059843 32024863.53433834
197.50000000 -0.05138154 32515031.57531224
198.50000000 -0.05256996 33010175.89904942
199.50000000 -0.05374552 33510321.63829112
200.50000000 -0.05433448 34015493.92577857
201.50000000 -0.05491041 34525717.89425299
202.50000000 -0.05573030 35041018.67645560
203.50000000 -0.05591750 35561421.40512764
204.50000000 -0.05602202 36086951.21301036
205.50000000 -0.05624234 36617633.23284495
206.50000000 -0.05606121 37153492.59737265
207.50000000 -0.05546049 37694554.43933471
208.50000000 -0.05411574 38240843.89147233
209.50000000 -0.05317206 38792386.08652676
210.50000000 -0.05347759 39349206.15723922
211.50000000 -0.05334839 39911329.23635094
212.50000000 -0.05255479 40478780.45660315
213.50000000 -0.05192971 41051584.95073707
214.50000000 -0.05154860 41629767.85149395
215.50000000 -0.05149673 42213354.29161499
216.50000000 -0.05194264 42802369.40384144
217.50000000 -0.05195031 43396838.32091451
218.50000000 -0.05178884 43996786.17557546
219.50000000 -0.05210074 44602238.10056549
220.50000000 -0.05235308 45213219.22862583
221.50000000 -0.05201788 45829754.69249773
222.50000000 -0.05157444 46451869.62492239
223.50000000 -0.05053472 47079589.15864107
224.50000000 -0.04914795 47712938.42639498
225.50000000 -0.04798413 48351942.56092535
226.50000000 -0.04662878 48996626.69497341
227.50000000 -0.04505648 49647015.96128038
228.50000000 -0.04399708 50303135.49258751
229.50000000 -0.04380442 50965010.42163602
230.50000000 -0.04387784 51632665.88116712
231.50000000 -0.04387420 52306127.00392206
232.50000000 -0.04427906 52985418.92264207
233.50000000 -0.04487829 53670566.77006836
234.50000000 -0.04496884 54361595.67894218
235.50000000 -0.04510144 55058530.78200474
236.50000000 -0.04523251 55761397.21199729
237.50000000 -0.04521404 56470220.10166103
238.50000000 -0.04535646 57185024.58373722
239.50000000 -0.04556392 57905835.79096706
240.50000000 -0.04571620 58632678.85609180
241.50000000 -0.04571385 59365578.91185267
242.50000000 -0.04536590 60104561.09099087
243.50000000 -0.04521396 60849650.52624766
244.50000000 -0.04484238 61600872.35036426
245.50000000 -0.04471154 62358251.69608189
246.50000000 -0.04464721 63121813.69614179
247.50000000 -0.04436545 63891583.48328517
248.50000000 -0.04431821 64667586.19025329
249.50000000 -0.04369333 65449846.94978735
250.50000000 -0.04307589 66238390.89462859
251.50000000 -0.04174857 67033243.15751825
252.50000000 -0.04023729 67834428.87119754
253.50000000 -0.03894705 68641973.16840769
254.50000000 -0.03796114 69455901.18188994
255.50000000 -0.03675225 70276238.04438551
256.50000000 -0.03595322 71103008.88863564
257.50000000 -0.03520694 71936238.84738153
258.50000000 -0.03478820 72775953.05336446
259.50000000 -0.03441410 73622176.63932560
260.50000000 -0.03414354 74474934.73800622
261.50000000 -0.03386942 75334252.48214753
262.50000000 -0.03299234 76200155.00449076
263.50000000 -0.03211754 77072667.43777716
264.50000000 -0.03201403 77951814.91474794
265.50000000 -0.03224909 78837622.56814432
266.50000000 -0.03193893 79730115.53070754
267.50000000 -0.03100464 80629318.93517883
268.50000000 -0.02981141 81535257.91429941
269.50000000 -0.02917449 82447957.60081053
270.50000000 -0.02864676 83367443.12745339
271.50000000 -0.02792850 84293739.62696923
272.50000000 -0.02721132 85226872.23209929
273.50000000 -0.02671160 86166866.07558480
274.50000000 -0.02611168 87113746.29016696
275.50000000 -0.02540939 88067538.00858703
276.50000000 -0.02510214 89028266.36358622
277.50000000 -0.02478463 89995956.48790577
278.50000000 -0.02428148 90970633.51428691
279.50000000 -0.02417512 91952322.57547085
280.50000000 -0.02397077 92941048.80419883
281.50000000 -0.02356938 93936837.33321208
282.50000000 -0.02325932 94939713.29525183
283.50000000 -0.02327942 95949701.82305932
284.50000000 -0.02379470 96966828.04937576
285.50000000 -0.02397004 97991117.10694237
286.50000000 -0.02398311 99022594.12850040
287.50000000 -0.02423025 100061284.24679108
288.50000000 -0.02409342 101107212.59455563
289.50000000 -0.02399798 102160404.30453528
290.50000000 -0.02371019 103220884.50947125
291.50000000 -0.02339409 104288678.34210479
292.50000000 -0.02332524 105363810.93517710
293.50000000 -0.02310996 106446307.42142944
294.50000000 -0.02320183 107536192.93360302
295.50000000 -0.02275549 108633492.60443906
296.50000000 -0.02253549 109738231.56667881
297.50000000 -0.02249932 110850434.95306349
298.50000000 -0.02251727 111970127.89633432
299.50000000 -0.02216798 113097335.52923255
300.50000000 -0.02202677 114232082.98449938
301.50000000 -0.02189629 115374395.39487606
302.50000000 -0.02195330 116524297.89310382
303.50000000 -0.02208562 117681815.61192387
304.50000000 -0.02188199 118846973.68407746
305.50000000 -0.02192775 120019797.24230582
306.50000000 -0.02201075 121200311.41935015
307.50000000 -0.02173855 122388541.34795170
308.50000000 -0.02158358 123584512.16085169
309.50000000 -0.02144621 124788248.99079137
310.50000000 -0.02142004 125999776.97051193
311.50000000 -0.02148485 127219121.23275463
312.50000000 -0.02150569 128446306.91026071
313.50000000 -0.02111316 129681359.13577135
314.50000000 -0.02068469 130924303.04202783
315.50000000 -0.02065894 132175163.76177134
316.50000000 -0.02074082 133433966.42774314
317.50000000 -0.02075466 134700736.17268443
318.50000000 -0.02067071 135975498.12933645
319.50000000 -0.02072414 137258277.43044046
320.50000000 -0.02077117 138549099.20873761
321.50000000 -0.02069530 139847988.59696922
322.50000000 -0.02056242 141154970.72787645
323.50000000 -0.02052754 142470070.73420060
324.50000000 -0.02053303 143793313.74868283
325.50000000 -0.02060778 145124724.90406436
326.50000000 -0.02089355 146464329.33308649
327.50000000 -0.02095246 147812152.16849041
328.50000000 -0.02109351 149168218.54301733
329.50000000 -0.02091751 150532553.58940852
330.50000000 -0.02086843 151905182.44040516
331.50000000 -0.02090453 153286130.22874853
332.50000000 -0.02105774 154675422.08717984
333.50000000 -0.02120364 156073083.14844030
334.50000000 -0.02139983 157479138.54527116
335.50000000 -0.02154263 158893613.41041362
336.50000000 -0.02161211 160316532.87660894
337.50000000 -0.02158281 161747922.07659835
338.50000000 -0.02173099 163187806.14312306
339.50000000 -0.02190748 164636210.20892429
340.50000000 -0.02197955 166093159.40674329
341.50000000 -0.02191619 167558678.86932129
342.50000000 -0.02200240 169032793.72939953
343.50000000 -0.02184053 170515529.11971921
344.50000000 -0.02180536 172006910.17302155
345.50000000 -0.02168964 173506962.02204782
346.50000000 -0.02152258 175015709.79953921
347.50000000 -0.02150898 176533178.63823697
348.50000000 -0.02134312 178059393.67088231
349.50000000 -0.02100345 179594380.03021649
350.50000000 -0.02056548 181138162.84898072
351.50000000 -0.02014392 182690767.25991625
352.50000000 -0.01991637 184252218.39576426
353.50000000 -0.01942419 185822541.38926601
354.50000000 -0.01873937 187401761.37316272
355.50000000 -0.01815689 188989903.48019564
356.50000000 -0.01758128 190586992.84310597
357.50000000 -0.01692502 192193054.59463498
358.50000000 -0.01633793 193808113.86752385
359.50000000 -0.01580001 195432195.79451382
360.50000000 -0.01547536 197065325.50834617
361.50000000 -0.01510995 198707528.14176205
362.50000000 -0.01449054 200358828.82750273
363.50000000 -0.01385875 202019252.69830945
364.50000000 -0.01307121 203688824.88692340
365.50000000 -0.01223403 205367570.52608585
366.50000000 -0.01155441 207055514.74853802
367.50000000 -0.01085614 208752682.68702111
368.50000000 -0.01034052 210459099.47427636
369.50000000 -0.00986337 212174790.24304503
370.50000000 -0.00950860 213899780.12606832
371.50000000 -0.00913127 215634094.25608748
372.50000000 -0.00867902 217377757.76584369
373.50000000 -0.00831038 219130795.78807825
374.50000000 -0.00814670 220893233.45553231
375.50000000 -0.00822868 222665095.90094715
376.50000000 -0.00831407 224446408.25706401
377.50000000 -0.00830240 226237195.65662408
378.50000000 -0.00840136 228037483.23236862
379.50000000 -0.00841046 229847296.11703882
380.50000000 -0.00817844 231666659.44337595
381.50000000 -0.00795906 233495598.34412122
382.50000000 -0.00777707 235334137.95201585
383.50000000 -0.00749744 237182303.39980108
384.50000000 -0.00727451 239040119.82021815
385.50000000 -0.00714206 240907612.34600827
386.50000000 -0.00704416 242784806.10991269
387.50000000 -0.00698231 244671726.24467260
388.50000000 -0.00689982 246568397.88302925
389.50000000 -0.00655936 248474846.15772390
390.50000000 -0.00626255 250391096.20149773
391.50000000 -0.00613100 252317173.14709198
392.50000000 -0.00592382 254253102.12724793
393.50000000 -0.00537974 256198908.27470672
394.50000000 -0.00497062 258154616.72220966
395.50000000 -0.00468667 260120252.60249791
396.50000000 -0.00449334 262095841.04831275
397.50000000 -0.00434116 264081407.19239539
398.50000000 -0.00418899 266076976.16748706
399.50000000 -0.00404678 268082573.10632899
400.50000000 -0.00399431 270098223.14166242
401.50000000 -0.00394926 272123951.40622854
402.50000000 -0.00403709 274159783.03276861
403.50000000 -0.00402344 276205743.15402389
404.50000000 -0.00403723 278261856.90273553
405.50000000 -0.00416367 280328149.41164482
406.50000000 -0.00424732 282404645.81349295
407.50000000 -0.00430649 284491371.24102116
408.50000000 -0.00424317 286588350.82697076
409.50000000 -0.00408181 288695609.70408285
410.50000000 -0.00416157 290813173.00509870
411.50000000 -0.00430847 292941065.86275959
412.50000000 -0.00445247 295079313.40980667
413.50000000 -0.00445070 297227940.77898121
414.50000000 -0.00439157 299386973.10302448
415.50000000 -0.00448615 301556435.51467764
416.50000000 -0.00442679 303736353.14668196
417.50000000 -0.00433643 305926751.13177866
418.50000000 -0.00422952 308127654.60270900
419.50000000 -0.00412568 310339088.69221407
420.50000000 -0.00412716 312561078.53303528
421.50000000 -0.00404962 314793649.25791377
422.50000000 -0.00395776 317036825.99959075
423.50000000 -0.00369927 319290633.89080751
424.50000000 -0.00352217 321555098.06430525
425.50000000 -0.00333366 323830243.65282518
426.50000000 -0.00307677 326116095.78910857
427.50000000 -0.00284637 328412679.60589659
428.50000000 -0.00263666 330720020.23593050
429.50000000 -0.00235990 333038142.81195158
430.50000000 -0.00219302 335367072.46670097
431.50000000 -0.00199888 337706834.33291990
432.50000000 -0.00193083 340057453.54334968
433.50000000 -0.00198980 342418955.23073149
434.50000000 -0.00192658 344791364.52780658
435.50000000 -0.00179983 347174706.56731611
436.50000000 -0.00161849 349569006.48200142
437.50000000 -0.00138872 351974289.40460366
438.50000000 -0.00127776 354390580.46786410
439.50000000 -0.00119171 356817904.80452389
440.50000000 -0.00107907 359256287.54732436
441.50000000 -0.00100439 361705753.82900667
442.50000000 -0.00084438 364166328.78231210
443.50000000 -0.00059171 366638037.53998184
444.50000000 -0.00063374 369120905.23475713
445.50000000 -0.00055392 371614956.99937916
446.50000000 -0.00061784 374120217.96658927
447.50000000 -0.00064834 376636713.26912856
448.50000000 -0.00066766 379164468.03973836
449.50000000 -0.00068262 381703507.41115981
450.50000000 -0.00080950 384253856.51613426
451.50000000 -0.00087435 386815540.48740280
452.50000000 -0.00107580 389388584.45770669
453.50000000 -0.00121774 391973013.55978727
454.50000000 -0.00131955 394568852.92638564
455.50000000 -0.00138801 397176127.69024307
456.50000000 -0.00132656 399794862.98410082
457.50000000 -0.00131250 402425083.94070011
458.50000000 -0.00129218 405066815.69278210
459.50000000 -0.00121121 407720083.37308812
460.50000000 -0.00094273 410384912.11435932
461.50000000 -0.00060208 413061327.04933697
462.50000000 -0.00019345 415749353.31076229
463.50000000 0.00007395 418449016.03137648
464.50000000 0.00031829 421160340.34392083
465.50000000 0.00055599 423883351.38113654
466.50000000 0.00083792 426618074.27576482
467.50000000 0.00101652 429364534.16054690
468.50000000 0.00111905 432122756.16822404
469.50000000 0.00132784 434892765.43153745
470.50000000 0.00156230 437674587.08322829
471.50000000 0.00172101 440468246.25603795
472.50000000 0.00178093 443273768.08270752
473.50000000 0.00176162 446091177.69597828
474.50000000 0.00178739 448920500.22859144
475.50000000 0.00173822 451761760.81328827
476.50000000 0.00168463 454614984.58280993
477.50000000 0.00160521 457480196.66989774
478.50000000 0.00142447 460357422.20729285
479.50000000 0.00128735 463246686.32773650
480.50000000 0.00119443 466148014.16396993
481.50000000 0.00105590 469061430.84873444
482.50000000 0.00078331 471986961.51477110
483.50000000 0.00039089 474924631.29482132
484.50000000 0.00010908 477874465.32162619
485.50000000 -0.00012591 480836488.72792697
486.50000000 -0.00026164 483810726.64646494
487.50000000 -0.00039961 486797204.20998126
488.50000000 -0.00054383 489795946.55121726
489.50000000 -0.00081464 492806978.80291408
490.50000000 -0.00104056 495830326.09781295
491.50000000 -0.00116239 498866013.56865513
492.50000000 -0.00139603 501914066.34818184
493.50000000 -0.00168684 504974509.56913429
494.50000000 -0.00200363 508047368.36425376
495.50000000 -0.00228966 511132667.86628139
496.50000000 -0.00239842 514230433.20795852
497.50000000 -0.00253561 517340689.52202630
498.50000000 -0.00274190 520463461.94122601
499.50000000 -0.00293354 523598775.59829879
