# r [Mpc], delta_dm ((rho-rho_mean / rho_mean) of shell, Volume of shell (Mpc**3)
0.50000000 -0.71431330 4.18879020
1.50000000 -0.42677351 29.32153143
2.50000000 -0.60149041 79.58701389
3.50000000 -0.70777664 154.98523758
4.50000000 -0.53142097 255.51620249
5.50000000 0.33580361 381.17990864
6.50000000 0.14737338 531.97635601
7.50000000 0.02384678 707.90554461
8.50000000 -0.22099017 908.96747444
9.50000000 -0.29595781 1135.16214550
10.50000000 -0.37122976 1386.48955778
11.50000000 -0.32500568 1662.94971130
12.50000000 -0.30065146 1964.54260604
13.50000000 -0.04412124 2291.26824202
14.50000000 0.07379467 2643.12661922
15.50000000 -0.38931695 3020.11773765
16.50000000 -0.21666260 3422.24159731
17.50000000 0.19668423 3849.49819820
18.50000000 0.20498483 4301.88754032
19.50000000 -0.10430187 4779.40962366
20.50000000 -0.23336369 5282.06444824
21.50000000 0.26459972 5809.85201404
22.50000000 1.74829567 6362.77232107
23.50000000 0.34728534 6940.82536933
24.50000000 -0.09693906 7544.01115882
25.50000000 -0.22457326 8172.32968954
26.50000000 -0.12933824 8825.78096148
27.50000000 -0.26737148 9504.36497466
28.50000000 -0.11705835 10208.08172906
29.50000000 0.09768125 10936.93122470
30.50000000 0.06677639 11690.91346156
31.50000000 -0.23326990 12470.02843965
32.50000000 -0.23801573 13274.27615897
33.50000000 -0.32828653 14103.65661952
34.50000000 -0.20237384 14958.16982129
35.50000000 -0.34172189 15837.81576430
36.50000000 -0.22961404 16742.59444853
37.50000000 -0.20577269 17672.50587399
38.50000000 0.00602692 18627.55004069
39.50000000 -0.14022681 19607.72694861
40.50000000 -0.30380173 20613.03659775
41.50000000 -0.26276848 21643.47898813
42.50000000 -0.23464583 22699.05411974
43.50000000 -0.15557122 23779.76199257
44.50000000 -0.30124947 24885.60260664
45.50000000 -0.21097812 26016.57596193
46.50000000 -0.21599591 27172.68205845
47.50000000 -0.19015898 28353.92089620
48.50000000 -0.19266276 29560.29247518
49.50000000 -0.26171815 30791.79679538
50.50000000 -0.02697730 32048.43385682
51.50000000 -0.11759135 33330.20365949
52.50000000 -0.28413066 34637.10620338
53.50000000 -0.30644394 35969.14148850
54.50000000 -0.31191380 37326.30951485
55.50000000 -0.23874898 38708.61028243
56.50000000 -0.16448217 40116.04379124
57.50000000 -0.26785817 41548.61004128
58.50000000 -0.26779247 43006.30903254
59.50000000 -0.16540466 44489.14076504
60.50000000 -0.08861420 45997.10523876
61.50000000 0.04328504 47530.20245371
62.50000000 0.00407936 49088.43240989
63.50000000 -0.01871096 50671.79510730
64.50000000 -0.00747690 52280.29054594
65.50000000 0.18894182 53913.91872581
66.50000000 0.14895603 55572.67964690
67.50000000 0.09889162 57256.57330923
68.50000000 0.21590625 58965.59971278
69.50000000 0.41422553 60699.75885756
70.50000000 0.31507405 62459.05074357
71.50000000 0.26892002 64243.47537081
72.50000000 0.46279774 66053.03273928
73.50000000 0.36028101 67887.72284897
74.50000000 0.26119816 69747.54569990
75.50000000 0.24741870 71632.50129205
76.50000000 0.22901082 73542.58962543
77.50000000 0.46262379 75477.81070005
78.50000000 0.40439682 77438.16451589
79.50000000 0.08430996 79423.65107295
80.50000000 0.02114785 81434.27037125
81.50000000 -0.08356353 83470.02241078
82.50000000 -0.10296805 85530.90719153
83.50000000 -0.14279937 87616.92471352
84.50000000 -0.27050550 89728.07497673
85.50000000 -0.20118415 91864.35798117
86.50000000 -0.23656121 94025.77372684
87.50000000 -0.19140193 96212.32221374
88.50000000 -0.19711047 98424.00344187
89.50000000 -0.19981644 100660.81741122
90.50000000 -0.15074060 102922.76412181
91.50000000 -0.18583457 105209.84357362
92.50000000 -0.19126090 107522.05576666
93.50000000 -0.15794305 109859.40070093
94.50000000 -0.11509549 112221.87837643
95.50000000 -0.16879438 114609.48879316
96.50000000 -0.11045899 117022.23195112
97.50000000 -0.06540799 119460.10785030
98.50000000 -0.07153262 121923.11649072
99.50000000 -0.07831302 124411.25787236
100.50000000 0.01511351 126924.53199523
101.50000000 -0.06019829 129462.93885933
102.50000000 -0.06660453 132026.47846466
103.50000000 0.05230368 134615.15081122
104.50000000 -0.04375761 137228.95589901
105.50000000 -0.13435968 139867.89372802
106.50000000 -0.12807354 142531.96429827
107.50000000 -0.01636893 145221.16760974
108.50000000 0.07586378 147935.50366244
109.50000000 0.16907216 150674.97245637
110.50000000 -0.02129872 153439.57399153
111.50000000 -0.06129917 156229.30826792
112.50000000 -0.10943141 159044.17528553
113.50000000 -0.06179012 161884.17504438
114.50000000 -0.03863864 164749.30754445
115.50000000 -0.02604376 167639.57278576
116.50000000 -0.03966771 170554.97076829
117.50000000 -0.07152745 173495.50149205
118.50000000 -0.05567015 176461.16495704
119.50000000 -0.04669402 179451.96116325
120.50000000 0.00274093 182467.89011070
121.50000000 -0.05265447 185508.95179937
122.50000000 -0.03900212 188575.14622928
123.50000000 -0.08753171 191666.47340041
124.50000000 -0.10441296 194782.93331277
125.50000000 0.00872916 197924.52596636
126.50000000 -0.00348333 201091.25136118
127.50000000 0.00987056 204283.10949723
128.50000000 0.06883212 207500.10037450
129.50000000 0.05331649 210742.22399301
130.50000000 0.12917114 214009.48035274
131.50000000 0.16198080 217301.86945370
132.50000000 0.15459256 220619.39129589
133.50000000 0.05976214 223962.04587931
134.50000000 0.03265760 227329.83320396
135.50000000 0.00304521 230722.75326984
136.50000000 0.00220859 234140.80607695
137.50000000 0.05579550 237583.99162528
138.50000000 0.12138165 241052.30991484
139.50000000 -0.00243713 244545.76094563
140.50000000 -0.01438532 248064.34471765
141.50000000 -0.00544427 251608.06123091
142.50000000 -0.03624605 255176.91048538
143.50000000 -0.09623926 258770.89248109
144.50000000 -0.05447670 262390.00721803
145.50000000 -0.06429742 266034.25469619
146.50000000 -0.07517198 269703.63491558
147.50000000 -0.08465629 273398.14787620
148.50000000 -0.06401609 277117.79357805
149.50000000 -0.08032836 280862.57202113
150.50000000 -0.06087757 284632.48320544
151.50000000 -0.01119942 288427.52713098
152.50000000 -0.01716107 292247.70379774
153.50000000 0.04306807 296093.01320574
154.50000000 0.03423662 299963.45535496
155.50000000 0.00688773 303859.03024541
156.50000000 -0.02073142 307779.73787709
157.50000000 0.00843435 311725.57825000
158.50000000 -0.03076162 315696.55136414
159.50000000 -0.04299127 319692.65721950
160.50000000 -0.02323190 323713.89581610
161.50000000 -0.04919924 327760.26715392
162.50000000 -0.06994718 331831.77123297
163.50000000 -0.04784278 335928.40805326
164.50000000 -0.03346473 340050.17761476
165.50000000 -0.05307036 344197.07991750
166.50000000 0.00767873 348369.11496147
167.50000000 -0.00412788 352566.28274667
168.50000000 -0.00007406 356788.58327309
169.50000000 0.05715173 361036.01654074
170.50000000 0.03678161 365308.58254962
171.50000000 -0.04021163 369606.28129974
172.50000000 -0.04029036 373929.11279108
173.50000000 -0.07177042 378277.07702364
174.50000000 -0.07356035 382650.17399744
175.50000000 -0.08565277 387048.40371247
176.50000000 -0.06626187 391471.76616872
177.50000000 -0.06513659 395920.26136620
178.50000000 -0.07672181 400393.88930492
179.50000000 -0.05035052 404892.64998486
180.50000000 -0.03545152 409416.54340603
181.50000000 -0.12472277 413965.56956843
182.50000000 -0.16044471 418539.72847205
183.50000000 -0.18368960 423139.02011691
184.50000000 -0.16747961 427763.44450299
185.50000000 -0.16059026 432413.00163031
186.50000000 -0.15873961 437087.69149885
187.50000000 -0.15029977 441787.51410861
188.50000000 -0.17523433 446512.46945962
189.50000000 -0.15817884 451262.55755184
190.50000000 -0.12812729 456037.77838530
191.50000000 -0.09068501 460838.13195998
192.50000000 -0.14716017 465663.61827590
193.50000000 -0.13173773 470514.23733304
194.50000000 -0.12545575 475389.98913141
195.50000000 -0.11617430 480290.87367101
196.50000000 -0.04913873 485216.89095184
197.50000000 -0.10254273 490168.04097390
198.50000000 -0.13060750 495144.32373719
199.50000000 -0.13133477 500145.73924170
200.50000000 -0.09339978 505172.28748744
201.50000000 -0.09330552 510223.96847442
202.50000000 -0.11066307 515300.78220262
203.50000000 -0.06851959 520402.72867204
204.50000000 -0.06309349 525529.80788271
205.50000000 -0.07122582 530682.01983459
206.50000000 -0.04368641 535859.36452770
207.50000000 -0.01421026 541061.84196205
208.50000000 0.03867645 546289.45213763
209.50000000 0.01225515 551542.19505443
210.50000000 -0.07476234 556820.07071246
211.50000000 -0.04430099 562123.07911172
212.50000000 0.00326408 567451.22025221
213.50000000 -0.00775435 572804.49413393
214.50000000 -0.02448687 578182.90075687
215.50000000 -0.04779663 583586.44012104
216.50000000 -0.08390133 589015.11222645
217.50000000 -0.05250314 594468.91707308
218.50000000 -0.04011077 599947.85466094
219.50000000 -0.07476426 605451.92499003
220.50000000 -0.07077360 610981.12806035
221.50000000 -0.02743610 616535.46387190
222.50000000 -0.01890731 622114.93242466
223.50000000 0.02640507 627719.53371868
224.50000000 0.05393498 633349.26775391
225.50000000 0.03891348 639004.13453037
226.50000000 0.05502314 644684.13404806
227.50000000 0.07339238 650389.26630697
228.50000000 0.03616350 656119.53130713
229.50000000 -0.02916284 661874.92904850
230.50000000 -0.04948283 667655.45953111
231.50000000 -0.04359454 673461.12275494
232.50000000 -0.07545436 679291.91872001
233.50000000 -0.09121922 685147.84742630
234.50000000 -0.05199900 691028.90887382
235.50000000 -0.05544648 696935.10306256
236.50000000 -0.05550252 702866.42999254
237.50000000 -0.04376010 708822.88966375
238.50000000 -0.05660675 714804.48207618
239.50000000 -0.06202383 720811.20722985
240.50000000 -0.05784921 726843.06512474
241.50000000 -0.04552665 732900.05576086
242.50000000 -0.01741110 738982.17913821
243.50000000 -0.03295516 745089.43525679
244.50000000 -0.01474243 751221.82411660
245.50000000 -0.03406618 757379.34571763
246.50000000 -0.03939254 763562.00005990
247.50000000 -0.02126408 769769.78714339
248.50000000 -0.04043121 776002.70696811
249.50000000 0.00796025 782260.75953406
250.50000000 0.00817344 788543.94484124
251.50000000 0.06885929 794852.26288965
252.50000000 0.08620600 801185.71367929
253.50000000 0.06943671 807544.29721016
254.50000000 0.04518410 813928.01348224
255.50000000 0.06560516 820336.86249557
256.50000000 0.03196768 826770.84425013
257.50000000 0.02847526 833229.95874590
258.50000000 0.00108674 839714.20598292
259.50000000 -0.00224266 846223.58596115
260.50000000 -0.01078233 852758.09868062
261.50000000 -0.01011671 859317.74414131
262.50000000 0.04331506 865902.52234323
263.50000000 0.04428114 872512.43328640
264.50000000 -0.02293767 879147.47697078
265.50000000 -0.05293165 885807.65339638
266.50000000 -0.00453849 892492.96256322
267.50000000 0.05183750 899203.40447129
268.50000000 0.07638621 905938.97912058
269.50000000 0.02772579 912699.68651111
270.50000000 0.01866946 919485.52664286
271.50000000 0.03671272 926296.49951585
272.50000000 0.03757282 933132.60513006
273.50000000 0.01859881 939993.84348550
274.50000000 0.02848515 946880.21458216
275.50000000 0.03873462 953791.71842007
276.50000000 0.00306327 960728.35499918
277.50000000 0.00442951 967690.12431955
278.50000000 0.02217697 974677.02638113
279.50000000 -0.01431662 981689.06118394
280.50000000 -0.00496671 988726.22872798
281.50000000 0.01389604 995788.52901325
282.50000000 0.00578319 1002875.96203975
283.50000000 -0.02517087 1009988.52780749
284.50000000 -0.07240376 1017126.22631644
285.50000000 -0.04056635 1024289.05756661
286.50000000 -0.02522429 1031477.02155803
287.50000000 -0.04779057 1038690.11829068
288.50000000 -0.01100507 1045928.34776455
289.50000000 -0.01483313 1053191.70997965
290.50000000 0.00401612 1060480.20493597
291.50000000 0.00716045 1067793.83263354
292.50000000 -0.01664533 1075132.59307231
293.50000000 -0.00215358 1082496.48625234
294.50000000 -0.03217543 1089885.51217358
295.50000000 0.02098702 1097299.67083605
296.50000000 -0.00089973 1104738.96223974
297.50000000 -0.01892993 1112203.38638468
298.50000000 -0.02429676 1119692.94327083
299.50000000 0.01253222 1127207.63289823
300.50000000 -0.00795265 1134747.45526683
301.50000000 -0.00884760 1142312.41037668
302.50000000 -0.02767652 1149902.49822776
303.50000000 -0.03540786 1157517.71882005
304.50000000 -0.00131307 1165158.07215358
305.50000000 -0.02656445 1172823.55822836
306.50000000 -0.03044941 1180514.17704433
307.50000000 0.00602347 1188229.92860155
308.50000000 -0.00572380 1195970.81289999
309.50000000 -0.00733752 1203736.82993968
310.50000000 -0.01872914 1211527.97972056
311.50000000 -0.02818206 1219344.26224270
312.50000000 -0.02367069 1227185.67750607
313.50000000 0.01970765 1235052.22551064
314.50000000 0.02401361 1242943.90625648
315.50000000 -0.01796639 1250860.71974351
316.50000000 -0.02933691 1258802.66597180
317.50000000 -0.02221614 1266769.74494129
318.50000000 -0.01179729 1274761.95665202
319.50000000 -0.02639091 1282779.30110401
320.50000000 -0.02577229 1290821.77829716
321.50000000 -0.01260650 1298889.38823161
322.50000000 -0.00634983 1306982.13090724
323.50000000 -0.01677811 1315100.00632414
324.50000000 -0.02112792 1323243.01448223
325.50000000 -0.02867759 1331411.15538153
326.50000000 -0.05185066 1339604.42902213
327.50000000 -0.02735460 1347822.83540392
328.50000000 -0.03646747 1356066.37452692
329.50000000 -0.00167741 1364335.04639119
330.50000000 -0.01548462 1372628.85099664
331.50000000 -0.02487066 1380947.78834337
332.50000000 -0.03796030 1389291.85843131
333.50000000 -0.03735489 1397661.06126046
334.50000000 -0.04317507 1406055.39683086
335.50000000 -0.03744403 1414474.86514246
336.50000000 -0.02937236 1422919.46619532
337.50000000 -0.01830030 1431389.19998941
338.50000000 -0.03837404 1439884.06652471
339.50000000 -0.04179409 1448404.06580123
340.50000000 -0.03012466 1456949.19781899
341.50000000 -0.01473729 1465519.46257800
342.50000000 -0.03179876 1474114.86007825
343.50000000 -0.00338460 1482735.39031968
344.50000000 -0.01778174 1491381.05330235
345.50000000 -0.00842250 1500051.84902626
346.50000000 -0.00231435 1508747.77749139
347.50000000 -0.01994214 1517468.83869776
348.50000000 -0.00215857 1526215.03264534
349.50000000 0.01839532 1534986.35933417
350.50000000 0.03038542 1543782.81876424
351.50000000 0.02903952 1552604.41093552
352.50000000 0.00670299 1561451.13584802
353.50000000 0.03832446 1570322.99350175
354.50000000 0.06184476 1579219.98389670
355.50000000 0.05058095 1588142.10703292
356.50000000 0.05053069 1597089.36291033
357.50000000 0.06094717 1606061.75152901
358.50000000 0.05353088 1615059.27288887
359.50000000 0.04838862 1624081.92698997
360.50000000 0.02337766 1633129.71383235
361.50000000 0.02874163 1642202.63341588
362.50000000 0.06004899 1651300.68574068
363.50000000 0.06237942 1660423.87080672
364.50000000 0.08221678 1669572.18861395
365.50000000 0.08934598 1678745.63916245
366.50000000 0.07113456 1687944.22245216
367.50000000 0.07433592 1697167.93848309
368.50000000 0.05273559 1706416.78725526
369.50000000 0.04866982 1715690.76876867
370.50000000 0.03413065 1724989.88302329
371.50000000 0.03740713 1734314.13001916
372.50000000 0.04724805 1743663.50975621
373.50000000 0.03740444 1753038.02223456
374.50000000 0.01220325 1762437.66745406
375.50000000 -0.01844894 1771862.44541484
376.50000000 -0.01898408 1781312.35611686
377.50000000 -0.00684217 1790787.39956006
378.50000000 -0.02083385 1800287.57574454
379.50000000 -0.00955955 1809812.88467020
380.50000000 0.02113141 1819363.32633713
381.50000000 0.01982509 1828938.90074527
382.50000000 0.01533516 1838539.60789463
383.50000000 0.02810773 1848165.44778523
384.50000000 0.02118601 1857816.42041707
385.50000000 0.00981098 1867492.52579013
386.50000000 0.00551882 1877193.76390442
387.50000000 0.00097755 1886920.13475990
388.50000000 0.00373908 1896671.63835666
389.50000000 0.03747896 1906448.27469465
390.50000000 0.03221983 1916250.04377383
391.50000000 0.01096645 1926076.94559425
392.50000000 0.02107227 1935928.98015594
393.50000000 0.06572053 1945806.14745879
394.50000000 0.04862177 1955708.44750294
395.50000000 0.03260867 1965635.88028824
396.50000000 0.02095926 1975588.44581485
397.50000000 0.01574259 1985566.14408264
398.50000000 0.01594355 1995568.97509167
399.50000000 0.01482481 2005596.93884194
400.50000000 0.00298902 2015650.03533342
401.50000000 0.00206367 2025728.26456612
402.50000000 -0.01577864 2035831.62654006
403.50000000 -0.00219929 2045960.12125528
404.50000000 -0.00589137 2056113.74871165
405.50000000 -0.02119706 2066292.50890929
406.50000000 -0.01553885 2076496.40184814
407.50000000 -0.01231645 2086725.42752820
408.50000000 0.00434725 2096979.58594960
409.50000000 0.01785997 2107258.87711209
410.50000000 -0.01503521 2117563.30101585
411.50000000 -0.02438312 2127892.85766089
412.50000000 -0.02417743 2138247.54704708
413.50000000 -0.00421031 2148627.36917454
414.50000000 0.00374280 2159032.32404327
415.50000000 -0.01754148 2169462.41165316
416.50000000 0.00378068 2179917.63200432
417.50000000 0.00819619 2190397.98509669
418.50000000 0.01063717 2200903.47093034
419.50000000 0.01034768 2211434.08950508
420.50000000 -0.00433840 2221989.84082121
421.50000000 0.00680887 2232570.72487849
422.50000000 0.00893750 2243176.74167699
423.50000000 0.03266697 2253807.89121675
424.50000000 0.02144519 2264464.17349774
425.50000000 0.02331235 2275145.58851993
426.50000000 0.03331941 2285852.13628340
427.50000000 0.02987093 2296583.81678802
428.50000000 0.02721546 2307340.63003391
429.50000000 0.03711985 2318122.57602108
430.50000000 0.02167105 2328929.65474939
431.50000000 0.02582431 2339761.86621892
432.50000000 0.00784159 2350619.21042979
433.50000000 -0.01048249 2361501.68738180
434.50000000 0.00719873 2372409.29707509
435.50000000 0.01654244 2383342.03950953
436.50000000 0.02468063 2394299.91468531
437.50000000 0.03200953 2405282.92260224
438.50000000 0.01488086 2416291.06326044
439.50000000 0.01136699 2427324.33665979
440.50000000 0.01539984 2438382.74280047
441.50000000 0.00995321 2449466.28168231
442.50000000 0.02267776 2460574.95330542
443.50000000 0.03663050 2471708.75766975
444.50000000 -0.00684291 2482867.69477528
445.50000000 0.01125569 2494051.76462203
446.50000000 -0.01009793 2505260.96721011
447.50000000 -0.00518094 2516495.30253929
448.50000000 -0.00354154 2527754.77060980
449.50000000 -0.00291750 2539039.37142146
450.50000000 -0.01980084 2550349.10497445
451.50000000 -0.01060479 2561683.97126853
452.50000000 -0.03136461 2573043.97030389
453.50000000 -0.02260195 2584429.10208058
454.50000000 -0.01668717 2595839.36659837
455.50000000 -0.01174736 2607274.76385742
456.50000000 0.00799629 2618735.29385775
457.50000000 0.00082537 2630220.95659930
458.50000000 0.00180366 2641731.75208199
459.50000000 0.01115095 2653267.68030602
460.50000000 0.04013496 2664828.74127120
461.50000000 0.05162664 2676414.93497765
462.50000000 0.06260370 2688026.26142532
463.50000000 0.04125575 2699662.72061419
464.50000000 0.03802549 2711324.31254435
465.50000000 0.03731897 2723011.03721571
466.50000000 0.04453696 2734722.89462829
467.50000000 0.02875966 2746459.88478208
468.50000000 0.01707731 2758222.00767714
469.50000000 0.03390330 2770009.26331341
470.50000000 0.03821491 2781821.65169084
471.50000000 0.02658636 2793659.17280966
472.50000000 0.01119105 2805521.82666957
473.50000000 -0.00127125 2817409.61327076
474.50000000 0.00584949 2829322.53261316
475.50000000 -0.00602734 2841260.58469683
476.50000000 -0.00680274 2853223.76952165
477.50000000 -0.01099890 2865212.08708781
478.50000000 -0.02731592 2877225.53739512
479.50000000 -0.02056296 2889264.12044364
480.50000000 -0.01364390 2901327.83623344
481.50000000 -0.02110970 2913416.68476450
482.50000000 -0.04291712 2925530.66603667
483.50000000 -0.06266654 2937669.78005022
484.50000000 -0.04525965 2949834.02680486
485.50000000 -0.03803270 2962023.40630078
486.50000000 -0.02221145 2974237.91853797
487.50000000 -0.02274443 2986477.56351632
488.50000000 -0.02394708 2998742.34123600
489.50000000 -0.04485893 3011032.25169683
490.50000000 -0.03786875 3023347.29489887
491.50000000 -0.02106762 3035687.47084218
492.50000000 -0.03964323 3048052.77952671
493.50000000 -0.04937376 3060443.22095245
494.50000000 -0.05405432 3072858.79511946
495.50000000 -0.04938400 3085299.50202763
496.50000000 -0.02033554 3097765.34167713
497.50000000 -0.02520888 3110256.31406778
498.50000000 -0.03691058 3122772.41919971
499.50000000 -0.03475348 3135313.65707278
